7000 20 90 8 3
20000 40 70  9 2
0 0 5 19 2
100 5 7 21 1
200 10 4 8 1
300 9 5 23 3
400 12 6 19 2
500 20 6 23 1
600 24 6 21 2
700 35 4 25 1
800 40 3 18 3
900 27 8 16 1
1000 40 1 6 1
1100 55 5 12 3
1200 60 2 8 2
1300 52 8 16 3
1400 56 6 15 1
1500 60 3 21 3
1600 48 4 16 1
1700 85 9 19 2
1800 72 10 22 1
1900 57 7 23 3
2000 60 1 22 2
2100 63 8 10 2
2200 88 3 13 2
2300 92 3 20 3
2400 96 8 19 1
2500 100 2 20 1
2600 130 8 12 2
2700 81 1 13 1
2800 84 9 17 1
2900 87 9 17 2
3000 90 3 9 3
3100 155 8 6 3
3200 160 5 21 3
3300 132 6 17 2
3400 102 6 16 1
3500 140 3 20 1
3600 180 9 25 2
3700 148 8 23 1
3800 190 1 6 3
3900 117 10 11 2
4000 200 2 21 2
4100 123 10 7 2
4200 168 9 7 3
4300 172 1 13 2
4400 176 1 9 3
4500 225 2 8 1
4600 138 8 23 1
4700 141 3 19 2
4800 240 4 19 3
4900 196 10 14 1
5000 150 8 17 1
5100 204 2 16 3
5200 260 7 16 1
5300 212 2 16 1
5400 216 2 9 3
5500 165 2 24 2
5600 168 10 16 2
5700 228 7 15 3
5800 290 10 21 2
5900 236 2 6 3
6000 300 9 15 3
6100 183 3 7 3
6200 248 4 6 2
6300 252 1 11 2
6400 192 3 8 1
6500 325 9 16 2
6600 330 1 15 1
6700 268 4 15 2
6800 204 1 19 3
6900 207 10 21 2
7000 280 8 22 1
7100 355 5 8 3
7200 360 7 7 3
7300 219 5 8 3
7400 222 4 6 3
7500 375 7 12 1
7600 228 2 25 1
7700 231 10 22 3
7800 234 1 25 2
7900 316 3 21 3
8000 400 10 20 3
8100 405 6 19 2
8200 410 8 11 3
8300 332 8 23 3
8400 420 8 20 2
8500 425 7 16 2
8600 258 3 12 3
8700 261 10 8 3
8800 264 4 13 2
8900 356 8 24 3
9000 360 10 12 2
9100 364 9 20 2
9200 368 5 15 2
9300 372 1 11 3
9400 470 3 9 2
9500 475 4 6 3
9600 384 1 12 1
9700 388 7 24 3
9800 294 3 16 1
9900 495 6 25 1
0 0 4 8 31
100 4 2 23 17
200 14 15 6 32
300 36 15 16 31
400 32 2 11 11
500 65 9 19 24
600 66 3 19 20
700 49 4 9 29
800 104 12 22 22
900 90 18 22 33
1000 70 6 18 30
1100 55 15 21 7
1200 168 9 9 31
1300 78 4 16 28
1400 168 18 15 12
1500 75 4 6 15
1600 224 7 16 31
1700 221 20 10 25
1800 252 2 24 1
1900 76 2 21 27
2000 240 20 7 16
2100 168 15 11 13
2200 242 6 6 12
2300 138 7 6 1
2400 288 17 15 22
2500 250 7 8 11
2600 364 11 19 1
2700 108 13 6 9
2800 112 12 10 26
2900 116 5 17 32
3000 300 9 20 27
3100 465 12 20 28
3200 288 1 6 24
3300 264 3 20 28
3400 442 16 7 27
3500 525 5 24 29
3600 180 4 9 12
3700 185 13 20 21
3800 190 3 18 33
3900 507 16 9 11
4000 160 1 12 31
4100 369 4 14 5
4200 546 12 19 26
4300 172 12 16 17
4400 616 20 8 32
4500 495 9 8 12
4600 690 18 9 11
4700 611 8 23 12
4800 432 2 17 21
4900 637 16 24 15
5000 500 9 25 23
5100 153 4 11 14
5200 260 6 11 29
5300 477 17 20 30
5400 378 4 16 12
5500 605 11 23 9
5600 168 4 11 16
5700 570 20 9 11
5800 522 8 24 33
5900 590 7 14 26
6000 240 12 16 19
6100 732 13 20 21
6200 620 17 22 31
6300 630 15 18 23
6400 384 19 22 4
6500 195 7 17 1
6600 792 4 16 29
6700 871 18 20 29
6800 204 4 23 17
6900 276 19 9 22
7000 560 18 10 6
7100 355 1 19 7
7200 216 9 10 12
7300 876 6 23 17
7400 814 20 11 8
7500 525 3 22 27
7600 836 5 6 16
7700 231 1 22 14
7800 702 7 20 18
7900 237 12 6 26
8000 320 7 10 13
8100 405 14 14 9
8200 984 6 8 14
8300 913 11 12 1
8400 1008 1 19 7
8500 1020 1 23 29
8600 516 18 15 33
8700 522 5 7 21
8800 440 20 9 15
8900 1335 6 24 7
9000 810 17 16 28
9100 1092 20 23 21
9200 460 14 6 6
9300 1302 2 13 5
9400 752 11 7 22
9500 1140 7 9 1
9600 864 17 23 12
9700 1455 19 10 9
9800 294 9 24 13
9900 1485 12 22 5