0 0 13 17 0
1000 3 6 18 1
200 6 11 19 3
1800 27 12 7 1
1600 24 15 16 0
2500 15 5 11 3
5400 78 13 12 0
1400 28 19 14 0
1600 64 19 8 2
6300 108 11 11 2
9000 50 12 6 2
6600 88 5 16 2
7200 180 4 7 0
13000 39 16 7 3
9800 140 20 19 0
1500 210 8 22 2
14400 192 19 17 1
5100 255 8 14 2
18000 180 7 8 2
15200 247 20 11 1
6000 140 20 8 3
10500 147 10 11 1
11000 242 19 7 0
20700 92 13 18 0
21600 192 6 23 2
10000 225 18 17 0
15600 312 5 15 3
16200 378 4 19 3
22400 252 11 23 0
29000 319 11 17 1
15000 300 19 10 1
27900 279 14 9 2
32000 128 16 13 1
13200 99 20 8 2
34000 204 9 10 3
21000 210 9 7 2
21600 324 6 16 1
11100 296 19 7 0
34200 570 11 13 2
27300 312 14 18 2
16000 240 12 19 3
28700 164 16 23 1
16800 546 14 16 1
30100 387 10 22 2
17600 396 12 19 1
45000 495 5 15 3
41400 368 13 16 1
14100 611 3 16 3
4800 480 3 21 2
44100 588 4 15 2
15000 450 19 6 1
25500 663 20 15 1
41600 312 7 12 3
21200 424 11 22 0
21600 594 14 8 2
49500 660 7 19 0
39200 560 15 7 1
51300 855 14 23 2
29000 522 13 12 3
41300 354 13 16 1
30000 600 2 10 3
61000 549 5 9 0
24800 248 11 9 0
44100 378 13 6 2
12800 768 9 18 3
13000 975 8 6 3
33000 198 1 20 3
6700 536 9 21 1
47600 816 10 10 2
6900 414 13 18 3
49000 1050 7 12 3
49700 781 14 25 0
28800 1008 14 23 3
73000 584 14 21 1
66600 592 20 19 1
45000 600 15 18 1
76000 228 20 19 0
15400 308 5 7 3
31200 1014 16 23 0
63200 553 9 12 2
64000 720 3 15 0
16200 648 6 10 2
65600 984 3 24 0
24900 415 5 15 3
67200 252 15 7 3
25500 1190 13 16 1
68800 1118 16 23 0
78300 261 7 7 1
17600 792 18 7 1
17800 979 8 19 3
9000 360 7 12 3
36400 910 12 20 2
82800 1104 17 13 2
27900 837 13 17 3
94000 376 3 15 3
19000 855 5 25 2
28800 1056 4 22 1
48500 776 17 25 1
78400 1274 14 21 1
19800 594 7 9 0